procs -----------memory---------- ---swap-- -----io---- -system-- ------cpu-----
 r  b   swpd   free   buff  cache   si   so    bi    bo   in   cs us sy id wa st
 1  0      0 2861884  53580 1074424    0    0    18    92   68  100  1  2 96  1  0
 0  0      0 2861932  53580 1074468    0    0     0     0   58   67  0  0 100  0  0
 0  0      0 2861932  53580 1074468    0    0     0     0   18   24  0  0 100  0  0
 1  0      0 2861932  53580 1074468    0    0     0     0   19   28  0  0 100  0  0
 1  0      0 2829132  53580 1074440    0    0     0     0 2405 3880 13 22 65  0  1
 3  0      0 2829204  53580 1074504    0    0     0    72 2792 4322  9 31 59  0  0
 1  0      0 2828616  53580 1074476    0    0     0     0 2864 4421  7 31 61  0  1
 1  0      0 2827376  53580 1074468    0    0     0     4 2814 4369  7 32 61  0  0
 1  0      0 2827904  53580 1074424    0    0     0     0 2928 4511  7 32 61  0  0
 2  0      0 2826496  53580 1074488    0    0     0     0 2886 4486  6 32 61  0  0
 2  0      0 2826280  53588 1074512    0    0     0    20 2945 4635  8 30 60  1  1
 1  0      0 2826324  53588 1074592    0    0     0     0 2811 4411  7 32 60  0  0
 2  0      0 2825408  53588 1074548    0    0     0   192 2892 4446  7 32 61  0  0
 1  0      0 2825816  53588 1074732    0    0     0     0 2862 4459  9 31 60  0  0
 1  0      0 2824196  53588 1074660    0    0     0     0 2821 4462  8 31 60  0  0
 1  0      0 2824660  53592 1074672    0    0     0    60 3008 4624  6 32 60  1  0
 3  0      0 2824652  53592 1074776    0    0     0     0 2897 4514  8 32 60  0  0
 1  0      0 2823280  53592 1074744    0    0     0     0 2876 4429  8 32 60  0  0
 3  0      0 2823164  53592 1074832    0    0     0     0 2869 4601  8 32 60  0  0
 3  0      0 2821692  53592 1074864    0    0     0     0 2787 4227  8 30 62  0  1
 1  0      0 2822388  53596 1074816    0    0     0    20 2889 4416  7 33 59  1  0
procs -----------memory---------- ---swap-- -----io---- -system-- ------cpu-----
 r  b   swpd   free   buff  cache   si   so    bi    bo   in   cs us sy id wa st
 1  0      0 2821640  53596 1074900    0    0     0     0 2835 4437  7 32 60  0  0
 2  0      0 2821132  53596 1075016    0    0     0     0 2923 4506  8 32 59  0  0
 3  0      0 2820828  53596 1074948    0    0     0     0 2812 4402  7 33 60  0  0
 1  0      0 2820824  53596 1075020    0    0     0     0 2990 4576  7 33 60  0  0
 3  0      0 2819992  53600 1075084    0    0     0    20 2836 4347  8 31 60  1  0
 1  0      0 2819516  53600 1075132    0    0     0     0 2840 4490  8 31 60  0  0
 1  0      0 2819144  53600 1075172    0    0     0     0 2828 4383 10 30 60  0  0
 1  0      0 2818824  53600 1075220    0    0     0     0 2830 4364  8 32 61  0  0
 2  0      0 2818528  53600 1075220    0    0     0     0 2897 4514  9 31 60  0  0
 1  0      0 2817400  53604 1075208    0    0     0    20 2844 4444  8 32 59  1  0
 3  0      0 2817544  53604 1075316    0    0     0     0 2832 4403  8 32 60  0  0
 3  0      0 2816916  53604 1075412    0    0     0     0 2895 4361  8 32 60  0  0
 1  0      0 2816040  53604 1075380    0    0     0     0 2776 4624  7 33 60  0  0
 1  0      0 2817052  53604 1075440    0    0     0     0 2761 4527  8 30 61  0  0
 1  0      0 2814920  53612 1075464    0    0     0    20 2858 4580  8 32 59  1  0
 2  0      0 2815100  53612 1075524    0    0     0     0 2834 4494 10 31 58  0  0
 1  0      0 2815552  53612 1075568    0    0     0     0 2815 4436  8 32 60  0  0
 1  0      0 2814000  53612 1075552    0    0     0     0 2800 4562  7 33 59  0  0
 1  0      0 2814132  53612 1075552    0    0     0     0 2790 4472  9 31 60  0  0
 2  0      0 2812708  53616 1075628    0    0     0    20 2884 4553  8 33 58  0  0
 3  0      0 2812780  53616 1075628    0    0     0     0 2882 4496  9 31 60  0  0
procs -----------memory---------- ---swap-- -----io---- -system-- ------cpu-----
 r  b   swpd   free   buff  cache   si   so    bi    bo   in   cs us sy id wa st
 1  0      0 2812996  53616 1075768    0    0     0   360 2919 4560  9 31 59  0  0
 2  0      0 2811424  53616 1075808    0    0     0     0 2940 4539  7 32 60  0  0
 1  0      0 2811292  53616 1075756    0    0     0     0 2876 4497  8 30 61  0  0
 2  0      0 2810676  53616 1075856    0    0     0    32 2826 4392  7 33 58  1  0
 3  0      0 2810644  53616 1075868    0    0     0     0 2896 4476 10 30 60  0  0
 1  0      0 2810860  53616 1075924    0    0     0    32 2883 4501  9 31 60  0  0
 3  0      0 2810352  53616 1075976    0    0     0     0 2945 4469  8 33 59  0  0
 3  0      0 2808712  53616 1076080    0    0     0     0 2835 4393  8 33 59  0  0
 3  0      0 2808208  53620 1076180    0    0     0    32 2911 4514  7 33 58  1  0
 4  0      0 2808108  53620 1076168    0    0     0     0 2810 4362  8 31 60  0  1
 3  0      0 2808864  53620 1076156    0    0     0     0 2809 4529  8 32 60  0  0
 2  0      0 2807388  53620 1076200    0    0     0     0 2809 4338  9 31 60  0  0
 1  0      0 2807452  53620 1076252    0    0     0     0 2892 4475 10 30 60  0  0
 1  0      0 2807800  53624 1076224    0    0     0    20 2914 4663  7 32 59  1  1
 1  0      0 2806424  53624 1076268    0    0     0     0 2844 4406  9 32 59  0  0
 1  0      0 2805932  53624 1076456    0    0     0     0 2921 4513  8 32 59  0  0
 2  0      0 2805012  53624 1076372    0    0     0     0 2873 4444  9 31 59  0  0
 2  0      0 2805212  53624 1076452    0    0     0     0 2917 4518  7 33 60  0  0
 2  0      0 2804872  53624 1076516    0    0     0    20 2881 4490  8 32 59  1  0
 2  0      0 2803776  53624 1076472    0    0     0     0 2921 4563  9 32 59  0  0
 1  0      0 2804128  53624 1076472    0    0     0     0 2852 4383  8 32 59  0  0
procs -----------memory---------- ---swap-- -----io---- -system-- ------cpu-----
 r  b   swpd   free   buff  cache   si   so    bi    bo   in   cs us sy id wa st
 1  0      0 2802816  53624 1076556    0    0     0     0 2873 4409  8 32 60  0  0
 1  0      0 2803048  53624 1076584    0    0     0     0 2932 4496  9 31 59  0  0
 1  0      0 2802972  53628 1076696    0    0     0    20 2817 4462  9 32 59  1  0
 2  0      0 2801820  53628 1076636    0    0     0     0 2838 4409  8 32 59  0  0
 3  0      0 2801684  53628 1076632    0    0     0     0 2793 4376  8 31 61  0  0
 3  0      0 2800688  53628 1076660    0    0     0     0 2904 4466  7 34 59  0  0
 3  0      0 2800416  53628 1076728    0    0     0     0 2879 4506  8 33 60  0  0
 1  0      0 2800480  53632 1076676    0    0     0    20 2868 4488  9 31 58  1  0
 1  0      0 2799440  53632 1076760    0    0     0     0 2884 4319  9 31 60  0  1
 2  0      0 2799672  53632 1076776    0    0     0   360 2858 4416  9 31 60  0  0
 2  0      0 2799608  53632 1076788    0    0     0     0 2827 4403  9 32 59  0  0
 1  0      0 2798164  53632 1076796    0    0     0     0 2914 4489 10 30 60  0  1
 1  0      0 2798640  53636 1076820    0    0     0    32 2883 4575  9 32 58  1  0
 1  0      0 2797576  53636 1076752    0    0     0     0 2782 4451  8 32 60  0  0
 1  0      0 2797780  53636 1076812    0    0     0     0 2847 4515  9 32 59  0  0
 1  0      0 2797076  53636 1076788    0    0     0     0 2847 4470 10 33 58  0  0
 1  0      0 2796204  53636 1076820    0    0     0     0 2801 4349  8 32 60  0  0
 3  0      0 2796024  53640 1076952    0    0     0    20 2906 4517  8 32 59  1  0
 1  0      0 2795124  53640 1076968    0    0     0     0 2835 4369 10 30 60  0  1
 1  0      0 2795408  53640 1076872    0    0     0    16 2833 4564  8 32 60  0  0
 2  0      0 2795324  53640 1076876    0    0     0     0 2833 4554  8 32 60  0  0
procs -----------memory---------- ---swap-- -----io---- -system-- ------cpu-----
 r  b   swpd   free   buff  cache   si   so    bi    bo   in   cs us sy id wa st
 1  0      0 2794352  53640 1076828    0    0     0     0 2926 4380  8 31 60  0  0
 2  0      0 2794032  53644 1076932    0    0     0    36 2861 4512 10 32 56  1  0
 2  0      0 2793080  53644 1076924    0    0     0     0 2828 4340  9 31 60  0  1
 1  0      0 2792780  53644 1076984    0    0     0   192 2837 4507 10 31 59  0  0
 1  0      0 2793700  53644 1076876    0    0     0     0 2810 4436  8 32 59  0  1
 2  0      0 2792032  53644 1077012    0    0     0     0 2820 4372  9 32 59  0  0
 1  0      0 2791976  53652 1077004    0    0     0    32 2839 4638  8 32 59  1  0
 1  0      0 2791804  53652 1076996    0    0     0     0 2848 4381 10 30 59  0  0
 1  0      0 2787320  53652 1077260    0    0    80     0 3273 5376 11 35 53  0  0
 1  0      0 2787116  53652 1077196    0    0     0     0 2912 4608  7 34 58  0  0
 1  0      0 2786952  53652 1077232    0    0     0     0 2851 4602  9 31 60  0  1
 1  0      0 2786368  53656 1077212    0    0     0    48 2892 4564  8 33 58  1  0
 2  0      0 2785956  53656 1077308    0    0     0     0 2963 4533  9 32 59  0  0
 3  0      0 2784500  53656 1077124    0    0     0     0 2898 4512  9 32 59  0  0
 3  0      0 2784948  53656 1077204    0    0     0     0 2918 4699  9 31 59  0  0
 2  0      0 2784472  53656 1077240    0    0     0     0 2821 4612  9 32 59  0  0
 3  0      0 2783872  53660 1077228    0    0     0    20 2813 4564 11 31 57  1  0
 1  0      0 2783440  53660 1077236    0    0     0     0 2890 4642  9 33 58  0  0
 3  0      0 2782420  53660 1077224    0    0     0     0 2959 4726  9 33 58  0  0
 2  0      0 2782900  53660 1077188    0    0     0     0 2860 4643  8 32 60  0  0
 3  0      0 2781712  53660 1077252    0    0     0     0 2924 4547  9 33 59  0  0
procs -----------memory---------- ---swap-- -----io---- -system-- ------cpu-----
 r  b   swpd   free   buff  cache   si   so    bi    bo   in   cs us sy id wa st
 2  0      0 2781984  53668 1077404    0    0     0    20 2908 4472  9 32 59  1  0
 3  0      0 2782008  53668 1077460    0    0     0     0 2972 4677  9 32 59  0  0
 1  0      0 2780860  53668 1077484    0    0     0     0 3008 4684  9 33 58  0  0
 1  0      0 2780472  53668 1077384    0    0     0     0 2953 4672 10 31 59  0  0
 3  0      0 2780664  53668 1077404    0    0     0     0 2781 4597  9 31 59  0  1
 2  0      0 2779536  53676 1077312    0    0     0    20 2785 4633 11 31 58  0  0
 1  0      0 2779780  53676 1077372    0    0     0     0 2861 4570  8 33 58  0  0
 2  0      0 2777868  53676 1077408    0    0     0     0 2831 4483 10 30 59  0  0
 1  0      0 2778976  53676 1077520    0    0     0     0 2872 4502 10 32 57  0  0
 2  0      0 2777924  53676 1077276    0    0     0     0 2878 4628  9 32 59  0  0
 3  0      0 2777696  53684 1077380    0    0     0    20 2856 4729 10 31 57  0  0
 1  0      0 2777776  53684 1077396    0    0     0     0 2960 4633  9 32 59  0  0
 2  0      0 2776688  53684 1077344    0    0     0   372 2862 4534 10 31 59  0  0
 2  0      0 2776328  53684 1077484    0    0     0     0 2840 4507  9 33 58  0  0
 1  0      0 2774792  53684 1077412    0    0     0     0 2792 4650  9 33 58  0  0
 3  0      0 2775276  53692 1077284    0    0     0    32 2841 4530  9 33 57  1  0
 1  0      0 2775368  53692 1077396    0    0     0     0 2925 4506 10 31 59  0  0
 1  0      0 2774476  53692 1077456    0    0     0    60 2955 4600  9 33 58  0  0
 1  0      0 2774084  53692 1077452    0    0     0     0 2853 4546  9 32 59  0  0
 2  0      0 2773088  53692 1077504    0    0     0     0 2912 4537  8 33 59  0  0
 1  0      0 2773232  53700 1077476    0    0     0    44 2852 4665  9 32 58  1  0
procs -----------memory---------- ---swap-- -----io---- -system-- ------cpu-----
 r  b   swpd   free   buff  cache   si   so    bi    bo   in   cs us sy id wa st
 1  0      0 2773176  53700 1077436    0    0     0     0 2879 4460  9 32 59  0  1
 2  0      0 2771560  53700 1077540    0    0     0     0 2883 4512 10 32 58  0  0
 1  0      0 2771932  53700 1077532    0    0     0     0 2880 4553  9 32 59  0  0
 1  0      0 2772584  53700 1077572    0    0     0     0 2910 4535  9 32 59  0  0
 3  0      0 2771304  53704 1077600    0    0     0    20 2948 4622  9 32 58  1  0
 1  0      0 2770680  53704 1077556    0    0     0     0 2888 4579 10 32 58  0  0
 3  0      0 2769040  53704 1077576    0    0     0     0 2826 4524 11 30 59  0  0
 1  0      0 2769832  53704 1077580    0    0     0     0 2967 4614 10 32 58  0  0
 3  0      0 2769680  53704 1077636    0    0     0     0 2880 4405 10 32 58  0  0
 1  0      0 2768560  53712 1077716    0    0     0    20 2912 4506  9 33 57  1  0
 1  0      0 2769252  53712 1077676    0    0     0     0 2828 4354  9 31 60  0  1
 2  0      0 2767984  53712 1077648    0    0     0     0 2866 4473  9 32 60  0  0
 1  0      0 2767840  53712 1077660    0    0     0     0 2928 4598 10 32 58  0  0
 3  0      0 2767580  53712 1077712    0    0     0     0 2981 4713 11 31 58  0  0
 1  0      0 2766440  53716 1077748    0    0     0    20 2840 4714  9 32 58  0  0
 3  0      0 2766312  53716 1077760    0    0     0     0 2845 4501  9 32 59  0  0
 2  0      0 2765252  53716 1077788    0    0     0     0 2916 4454  9 31 60  0  0
 3  0      0 2765136  53716 1077788    0    0     0     0 2804 4470  8 33 59  0  0
 1  0      0 2765832  53716 1077728    0    0     0     0 2898 4509  9 32 58  0  0
 3  0      0 2764404  53724 1077764    0    0     0    20 2931 4523 10 31 59  1  0
 3  0      0 2764112  53724 1077752    0    0     0     0 2962 4597  7 35 58  0  0
procs -----------memory---------- ---swap-- -----io---- -system-- ------cpu-----
 r  b   swpd   free   buff  cache   si   so    bi    bo   in   cs us sy id wa st
 1  0      0 2763864  53724 1077752    0    0     0   368 2854 4488  9 32 59  0  0
 1  0      0 2763560  53724 1077760    0    0     0     0 2923 4547  9 33 59  0  0
 1  0      0 2762908  53724 1077764    0    0     0     0 2816 4536  8 33 59  0  0
 2  0      0 2762076  53724 1077876    0    0     0    32 2907 4621  9 31 58  1  0
 2  0      0 2762628  53724 1077852    0    0     0     0 2814 4554  9 32 59  0  0
 2  0      0 2760964  53724 1077932    0    0     0     0 2822 4551 11 30 58  0  0
 2  0      0 2761596  53724 1077976    0    0     0     0 2834 4760 10 31 58  0  0
 1  0      0 2760980  53724 1077912    0    0     0     0 2855 4388  8 32 59  0  0
 1  0      0 2760528  53732 1078024    0    0     0    20 2838 4488  9 31 59  1  1
 3  0      0 2760164  53732 1078100    0    0     0     0 2893 4520  9 32 58  0  0
 3  0      0 2760404  53732 1078024    0    0     0   144 2928 4471  8 33 59  0  0
 1  0      0 2759040  53732 1078116    0    0     0     0 2917 4735  9 32 58  0  0
 2  0      0 2758796  53732 1078124    0    0     0     0 2984 4607  8 33 58  0  0
 1  0      0 2757672  53736 1078124    0    0     0    48 2959 4622  9 31 59  2  0
 3  0      0 2757684  53736 1078060    0    0     0     0 2850 4660  8 34 58  0  0
 1  0      0 2757680  53736 1078172    0    0     0     0 2807 4525  8 32 59  0  0
 2  0      0 2756704  53736 1078188    0    0     0     0 2873 4596  9 31 60  0  0
 3  0      0 2756484  53736 1078144    0    0     0     0 2905 4609  9 31 60  0  0
 2  0      0 2755984  53740 1078280    0    0     0    20 2799 4714  9 31 59  0  1
 1  0      0 2755784  53740 1078248    0    0     0     0 2942 4551  9 33 58  0  0
 3  0      0 2755336  53740 1078232    0    0     0     0 2891 4597 10 31 59  0  0
procs -----------memory---------- ---swap-- -----io---- -system-- ------cpu-----
 r  b   swpd   free   buff  cache   si   so    bi    bo   in   cs us sy id wa st
 1  0      0 2755124  53740 1078104    0    0     0     0 2885 4691  9 32 59  0  1
 1  0      0 2754816  53740 1078176    0    0     0     0 2892 4605 11 31 58  0  0
 3  0      0 2753440  53748 1078268    0    0     0    20 2841 4626  9 32 59  0  0
 1  0      0 2753904  53748 1078336    0    0     0     0 2812 4627 10 30 60  0  0
 1  0      0 2754240  53748 1078192    0    0     0     0 2816 4714 10 31 59  0  0
 1  0      0 2752756  53748 1078252    0    0     0     0 2893 4665  8 33 59  0  1
 1  0      0 2752644  53748 1078312    0    0     0     0 2892 4512  9 33 58  0  0
 2  0      0 2751616  53752 1078316    0    0     0    20 2889 4437 10 30 59  1  1
 2  0      0 2751452  53752 1078308    0    0     0     0 2926 4578  8 33 59  0  0
 2  0      0 2751880  53752 1078212    0    0     0     0 2854 4550  9 32 58  0  0
 2  0      0 2750728  53752 1078312    0    0     0     0 2933 4529 10 33 57  0  0
 1  0      0 2750892  53752 1078264    0    0     0     0 2825 4420  9 31 59  0  1
 2  0      0 2749516  53752 1078300    0    0     0    20 2887 4568  9 33 57  0  0
 1  0      0 2748952  53752 1078404    0    0     0     0 2898 4513  9 32 59  0  0
 2  0      0 2748844  53752 1078376    0    0     0     0 2989 4626 10 31 59  0  0
 2  0      0 2748728  53752 1078272    0    0     0     0 2885 4465  9 32 60  0  0
 2  0      0 2748608  53752 1078240    0    0     0     0 2958 4516  9 33 58  0  0
 1  0      0 2747164  53756 1078420    0    0     0    20 2953 4687  9 33 58  1  0
 3  0      0 2747636  53756 1078364    0    0     0     0 2818 4379  9 32 58  0  0
 2  0      0 2747128  53756 1078428    0    0     0   368 2810 4649  9 31 61  0  0
 2  0      0 2746556  53756 1078408    0    0     0     0 2828 4401 10 30 59  0  0
procs -----------memory---------- ---swap-- -----io---- -system-- ------cpu-----
 r  b   swpd   free   buff  cache   si   so    bi    bo   in   cs us sy id wa st
 1  0      0 2746132  53756 1078484    0    0     0     0 2907 4571  8 32 60  0  0
 2  0      0 2744824  53760 1078528    0    0     0    32 2839 4535 10 32 57  1  0
 1  0      0 2745644  53760 1078564    0    0     0     0 2876 4606  8 32 60  0  0
 3  0      0 2745468  53760 1078540    0    0     0    16 2890 4604  8 32 59  0  1
 2  0      0 2744488  53760 1078544    0    0     0     0 2900 4547  9 32 59  0  0
 3  0      0 2743760  53760 1078508    0    0     0     0 2972 4703  8 32 60  0  0
 2  0      0 2744092  53764 1078556    0    0     0    44 2833 4546 10 32 57  1  0
 2  0      0 2743484  53764 1078608    0    0     0     0 2840 4409  9 33 58  0  0
 1  0      0 2743040  53764 1078572    0    0     0     0 2855 4614  8 32 60  0  0
 1  0      0 2741836  53764 1078588    0    0     0     0 2891 4657  8 33 59  0  0
 2  0      0 2741944  53764 1078584    0    0     0     0 2905 4734 10 30 59  0  0
 2  0      0 2742304  53772 1078612    0    0     0    20 2862 4694  9 32 58  0  0
 2  0      0 2741324  53772 1078728    0    0     0     0 2868 4593  9 33 58  0  0
 1  0      0 2740384  53772 1078748    0    0     0     0 2900 4560  9 32 58  0  0
 3  0      0 2739428  53772 1078616    0    0     0     0 2855 4587  8 33 58  0  0
 3  0      0 2739676  53772 1078680    0    0     0     0 2902 4501  8 33 59  0  0
 2  0      0 2740352  53780 1078740    0    0     0    20 2943 4612  7 33 58  1  1
 1  0      0 2738904  53780 1078700    0    0     0     0 2811 4518 10 31 60  0  0
 2  0      0 2738380  53780 1078752    0    0     0     0 2925 4663  7 33 60  0  1
 3  0      0 2737868  53780 1078704    0    0     0     0 2934 4664  9 33 58  0  0
 3  0      0 2738080  53780 1078764    0    0     0     0 2922 4610  8 32 59  0  1
procs -----------memory---------- ---swap-- -----io---- -system-- ------cpu-----
 r  b   swpd   free   buff  cache   si   so    bi    bo   in   cs us sy id wa st
 2  0      0 2737680  53784 1078768    0    0     0    20 2882 4673 10 31 58  0  0
 1  0      0 2736504  53784 1078792    0    0     0     0 2779 4577  8 33 58  0  0
 2  0      0 2736496  53784 1078808    0    0     0     0 2792 4508  9 33 58  0  0
 1  0      0 2736260  53784 1078760    0    0     0     0 2872 4648  9 32 58  0  0
 1  0      0 2735708  53784 1078800    0    0     0     0 2946 4613 10 31 59  0  0
 1  0      0 2736184  53788 1078780    0    0     0    20 2889 4514  9 32 59  1  0
 3  0      0 2734580  53788 1078780    0    0     0     0 2944 4555  8 33 58  0  0
 2  0      0 2734028  53788 1078896    0    0     0   372 2904 4430  9 32 59  0  0
 1  0      0 2733596  53788 1078892    0    0     0     0 2958 4661 10 31 59  0  0
 2  0      0 2733336  53788 1078952    0    0     0     0 2946 4619  8 32 60  0  0
 1  0      0 2733376  53796 1079056    0    0     0    32 2908 4579 10 31 58  1  1
 2  0      0 2732332  53796 1078984    0    0     0     0 2943 4667  8 33 58  0  0
 2  0      0 2732324  53796 1078892    0    0     0     0 2943 4604  8 33 59  0  0
 1  0      0 2731780  53796 1079040    0    0     0     0 2804 4558 11 30 59  0  0
 1  0      0 2731632  53796 1078856    0    0     0     0 2935 4528  9 32 59  0  0
 2  0      0 2731480  53804 1078900    0    0     0    20 2897 4486  9 31 59  1  0
 2  0      0 2731576  53804 1078956    0    0     0     0 2965 4544  8 34 58  0  0
 0  0      0 2852988  53804 1079032    0    0     0   144 1284 1962  4 13 83  0  0
 0  0      0 2852996  53804 1079032    0    0     0     0  112   27  0  0 100  0  0
 0  0      0 2852996  53804 1079032    0    0     0     0  109   29  0  0 100  0  0
 0  0      0 2853096  53812 1078928    0    0     0    40  128   57  0  0 98  2  0
procs -----------memory---------- ---swap-- -----io---- -system-- ------cpu-----
 r  b   swpd   free   buff  cache   si   so    bi    bo   in   cs us sy id wa st
 0  0      0 2853120  53812 1078936    0    0     0     0  104   23  0  0 100  0  0
 0  0      0 2853120  53812 1078936    0    0     0     0  113   27  0  0 100  0  0
 0  0      0 2853120  53812 1078936    0    0     0    28  113   26  0  0 100  0  0
 0  0      0 2853120  53812 1078936    0    0     0     0  105   22  0  0 100  0  0
 0  0      0 2853220  53812 1078936    0    0     0     0  110   35  0  0 100  0  0
 0  0      0 2853368  53816 1078816    0    0     0    16  119   45  0  0 98  2  0
 0  0      0 2853368  53816 1078820    0    0     0     0  108   27  0  0 100  0  0
 0  0      0 2853368  53816 1078820    0    0     0    12  116   31  0  0 100  0  0
 0  0      0 2853368  53816 1078820    0    0     0     0  101   22  0  0 100  0  0
 0  0      0 2853368  53816 1078820    0    0     0     0  124   45  0  0 100  0  0
 0  0      0 2853492  53824 1078696    0    0     0    32  130   64  0  0 99  1  0
 0  0      0 2853492  53824 1078692    0    0     0     0  112   24  0  0 100  0  0
 0  0      0 2853492  53824 1078692    0    0     0     0  106   24  0  0 100  0  0
 0  0      0 2853492  53824 1078692    0    0     0    20  110   26  0  0 100  0  0
 0  0      0 2853492  53824 1078692    0    0     0     0  115   35  0  0 100  0  0
 0  0      0 2853492  53832 1078692    0    0     0    16  115   46  0  0 98  2  0
 0  0      0 2853492  53832 1078692    0    0     0     0  106   22  0  0 100  0  0
 0  0      0 2853648  53832 1078572    0    0     0     0  103   22  0  0 100  0  0
 0  0      0 2853648  53832 1078572    0    0     0     8  115   38  0  0 100  0  0
 0  0      0 2853648  53832 1078572    0    0     0     0  115   39  0  0 100  0  0
 0  0      0 2853648  53836 1078572    0    0     0    16  114   46  0  0 99  1  0
procs -----------memory---------- ---swap-- -----io---- -system-- ------cpu-----
 r  b   swpd   free   buff  cache   si   so    bi    bo   in   cs us sy id wa st
 0  0      0 2853772  53836 1078448    0    0     0     0  105   18  0  0 100  0  0
 0  0      0 2853772  53836 1078448    0    0     0     0  113   32  0  0 100  0  0
 0  0      0 2853772  53836 1078448    0    0     0     0  108   20  0  0 100  0  0
 0  0      0 2853772  53836 1078448    0    0     0     8  112   28  0  0 100  0  0
 0  0      0 2853772  53844 1078448    0    0     0    16  111   37  0  0 99  1  0
 0  0      0 2853896  53844 1078324    0    0     0     0  114   41  0  0 100  0  0
 0  0      0 2853896  53844 1078324    0    0     0     0  108   20  0  0 100  0  0
 0  0      0 2853896  53844 1078324    0    0     0     0  108   24  0  0 100  0  0
 0  0      0 2853896  53844 1078324    0    0     0     8  116   32  0  0 100  0  0
 0  0      0 2853896  53852 1078324    0    0     0    16  119   49  0  0 99  1  0
 0  0      0 2853896  53852 1078324    0    0     0     0  110   26  0  0 100  0  0
 0  0      0 2853896  53852 1078324    0    0     0     0  107   20  0  0 100  0  0
 0  0      0 2853896  53852 1078324    0    0     0     0  104   22  0  0 100  0  0
 0  0      0 2853896  53852 1078324    0    0     0     0  113   31  0  0 100  0  0
 0  0      0 2853896  53856 1078320    0    0     0    24  109   33  0  0 99  1  0
 0  0      0 2853896  53856 1078324    0    0     0     0  110   28  0  0 100  0  0
 0  0      0 2854020  53856 1078204    0    0     0     0  115   36  0  0 100  0  0
 0  0      0 2854020  53856 1078204    0    0     0     0  116   36  0  0 100  0  0
 0  0      0 2854020  53856 1078204    0    0     0     0  113   28  0  0 100  0  0
 0  0      0 2854020  53860 1078204    0    0     0    16  110   44  0  0 100  1  0
 0  0      0 2854020  53860 1078204    0    0     0     0  103   22  0  0 100  0  0
procs -----------memory---------- ---swap-- -----io---- -system-- ------cpu-----
 r  b   swpd   free   buff  cache   si   so    bi    bo   in   cs us sy id wa st
 0  0      0 2854020  53860 1078204    0    0     0     0  109   29  0  0 100  0  0
 0  0      0 2854020  53860 1077956    0    0     0     0  122   47  0  0 100  0  0
 0  0      0 2854020  53860 1077956    0    0     0     0  110   27  0  0 100  0  0
 0  0      0 2854020  53864 1077952    0    0     0    16  116   43  0  0 100  0  0
 0  0      0 2854020  53864 1077952    0    0     0     0  108   31  0  0 100  0  0
 0  0      0 2854020  53864 1077952    0    0     0     0  109   22  0  0 100  0  0
 0  0      0 2854020  53864 1077952    0    0     0     0  111   31  0  0 100  0  0
 0  0      0 2853892  53864 1077952    0    0     0     0  114   30  0  0 100  0  0
 0  0      0 2853952  53872 1077820    0    0     0    16  118   53  0  0 99  1  0
 0  0      0 2853952  53872 1077808    0    0     0     0  115   30  0  0 100  0  0
 0  0      0 2854076  53872 1077804    0    0     0     0  102   22  0  0 100  0  0
 0  0      0 2854076  53872 1077792    0    0     0     0  113   31  0  0 100  0  0
 0  0      0 2854076  53872 1077788    0    0     0     0  118   40  0  0 100  0  0
 0  0      0 2854200  53880 1077604    0    0     0    16  114   42  0  0 99  1  0
 0  0      0 2854324  53880 1077552    0    0     0     0   47   22  0  0 100  0  0
 0  0      0 2854324  53880 1077552    0    0     0     0   20   29  0  0 100  0  0
 0  0      0 2854324  53880 1077552    0    0     0     0   15   22  0  0 100  0  0
 0  0      0 2854324  53880 1077552    0    0     0     0   26   35  0  0 100  0  0
 0  0      0 2854356  53884 1077552    0    0     0    16   27   49  0  0 99  1  0
 0  0      0 2854356  53884 1077552    0    0     0     0   22   33  0  0 100  0  0
 0  0      0 2854356  53884 1077552    0    0     0     0   15   22  0  0 100  0  0
procs -----------memory---------- ---swap-- -----io---- -system-- ------cpu-----
 r  b   swpd   free   buff  cache   si   so    bi    bo   in   cs us sy id wa st
 0  0      0 2854356  53884 1077552    0    0     0     0   18   25  0  0 100  0  0
 0  0      0 2854356  53884 1077552    0    0     0     0   12   18  0  0 100  0  0
 0  0      0 2854356  53888 1077548    0    0     0    20   27   45  0  0 99  1  0
 0  0      0 2854356  53888 1077552    0    0     0     0   16   23  0  0 100  0  0
 0  0      0 2854356  53888 1077552    0    0     0     0   26   40  0  0 100  0  0
 0  0      0 2854356  53888 1077552    0    0     0     0   14   18  0  0 100  0  0
 0  0      0 2854372  53888 1077552    0    0     0     0   28   40  0  0 100  0  0
 0  0      0 2854372  53892 1077548    0    0     0    32   22   35  0  0 99  1  0
 0  0      0 2854372  53892 1077548    0    0     0     0   17   23  0  0 100  0  0
 0  0      0 2854372  53892 1077552    0    0     0     0   14   24  0  0 100  0  0
 0  0      0 2854372  53892 1077552    0    0     0     0   23   35  0  0 100  0  0
 0  0      0 2854372  53892 1077552    0    0     0     0   14   20  0  0 100  0  0
 0  0      0 2854372  53896 1077548    0    0     0    40   23   39  0  0 99  1  0
 0  0      0 2854372  53896 1077552    0    0     0     0   14   24  0  0 100  0  0
 0  0      0 2854372  53896 1077552    0    0     0     0   23   35  0  0 100  0  0
 0  0      0 2854372  53896 1077552    0    0     0     0   14   18  0  0 100  0  0
 0  0      0 2854372  53896 1077552    0    0     0     0   25   33  0  0 100  0  0
 0  0      0 2854372  53904 1077552    0    0     0    16   24   51  0  0 99  1  0
 0  0      0 2854356  53904 1077552    0    0     0     0   25   35  0  0 100  0  0
 0  0      0 2854356  53904 1077552    0    0     0     0   14   18  0  0 100  0  0
 0  0      0 2854356  53904 1077552    0    0     0     0   17   25  0  0 100  0  0
procs -----------memory---------- ---swap-- -----io---- -system-- ------cpu-----
 r  b   swpd   free   buff  cache   si   so    bi    bo   in   cs us sy id wa st
 0  1      0 2854356  53908 1077548    0    0     0    16   13   24  0  0 100  0  0
 0  0      0 2854356  53908 1077556    0    0     0     0   27   40  0  0 99  1  0
 0  0      0 2854356  53908 1077556    0    0     0     0   14   18  0  0 100  0  0
 0  0      0 2854356  53908 1077556    0    0     0     0   19   27  0  0 100  0  0
 0  0      0 2854356  53908 1077556    0    0     0     0   15   18  0  0 100  0  0
 0  0      0 2854356  53908 1077556    0    0     0     0   28   39  0  0 100  0  0
 0  0      0 2854356  53912 1077552    0    0     0    16   19   33  0  0 99  1  0
 0  0      0 2854356  53912 1077552    0    0     0     0   17   22  0  0 100  0  0
 0  0      0 2854356  53912 1077556    0    0     0     0   13   22  0  0 100  0  0
 0  0      0 2854356  53912 1077556    0    0     0     0   23   34  0  0 100  0  0
 0  0      0 2854356  53912 1077560    0    0     0     0   15   22  0  0 100  0  0
 0  0      0 2854356  53916 1077556    0    0     0    16   26   44  0  0 99  1  0
 0  0      0 2854356  53916 1077560    0    0     0     0   12   21  0  0 100  0  0
 0  0      0 2854356  53916 1077560    0    0     0     0   22   30  0  0 100  0  0
 0  0      0 2854356  53916 1077560    0    0     0     0   17   24  0  0 100  0  0
 0  0      0 2854356  53916 1077560    0    0     0     0   25   34  0  0 100  0  0
 0  0      0 2854356  53924 1077552    0    0     0    36   23   37  0  0 99  1  0
 0  0      0 2854356  53924 1077552    0    0     0     0   17   24  0  0 100  0  0
 0  0      0 2854388  53924 1077560    0    0     0     0   17   26  0  0 100  0  0
 0  0      0 2854388  53924 1077560    0    0     0     0   18   24  0  0 100  0  0
 0  0      0 2854388  53924 1077560    0    0     0     0   16   24  0  0 100  0  0
procs -----------memory---------- ---swap-- -----io---- -system-- ------cpu-----
 r  b   swpd   free   buff  cache   si   so    bi    bo   in   cs us sy id wa st
 0  0      0 2854264  53932 1077552    0    0     0    32   26   43  0  0 98  2  0
 0  0      0 2854264  53932 1077564    0    0     0     0   18   28  0  0 100  0  0
 0  0      0 2854264  53932 1077564    0    0     0     0   18   27  0  0 100  0  0
 0  0      0 2854264  53932 1077564    0    0     0     0   15   20  0  0 100  0  0
 0  0      0 2854264  53932 1077564    0    0     0     0   26   37  0  0 100  0  0
 0  0      0 2854264  53936 1077560    0    0     0    64   25   40  0  0 99  1  0
 0  0      0 2854264  53936 1077560    0    0     0     0   15   23  0  0 100  0  0
 0  0      0 2854264  53936 1077564    0    0     0     0   17   28  0  0 100  0  0
 0  0      0 2854264  53936 1077564    0    0     0     0   20   30  0  0 100  0  0
 0  0      0 2854264  53936 1077564    0    0     0     0   17   24  0  0 100  0  0
 0  0      0 2854264  53944 1077556    0    0     0    24   23   35  0  0 98  2  0
 0  0      0 2854264  53944 1077564    0    0     0     0   18   28  0  0 100  0  0
 0  0      0 2854264  53944 1077564    0    0     0     0   22   32  0  0 100  0  0
 0  0      0 2854264  53944 1077564    0    0     0     0   17   24  0  0 100  0  0
 0  0      0 2854264  53944 1077564    0    0     0     0   23   30  0  0 100  0  0
 0  0      0 2854264  53948 1077564    0    0     0    16   20   39  0  0 99  1  0
 0  0      0 2854264  53948 1077564    0    0     0     0   19   28  0  0 100  0  0
 0  0      0 2854264  53948 1077564    0    0     0     0   17   24  0  0 100  0  0
 0  0      0 2854264  53948 1077564    0    0     0     0   16   22  0  0 100  0  0
 0  0      0 2854264  53948 1077564    0    0     0     0   15   22  0  0 100  0  0
 0  0      0 2854264  53952 1077560    0    0     0    16   24   37  0  0 99  1  0
procs -----------memory---------- ---swap-- -----io---- -system-- ------cpu-----
 r  b   swpd   free   buff  cache   si   so    bi    bo   in   cs us sy id wa st
 0  0      0 2854264  53952 1077564    0    0     0     0   24   32  0  0 100  0  0
 0  0      0 2854264  53952 1077564    0    0     0     0   17   24  0  0 100  0  0
 0  0      0 2854264  53952 1077564    0    0     0     0   15   21  0  0 100  0  0
 0  0      0 2854264  53952 1077568    0    0     0     0   27   39  0  0 100  0  0
 0  0      0 2854264  53952 1077568    0    0     0    16   24   42  0  0 99  1  0
 0  0      0 2854264  53952 1077568    0    0     0     0   16   20  0  0 100  0  0
 0  0      0 2854264  53952 1077568    0    0     0     0   16   25  0  0 100  0  0
 0  0      0 2854264  53952 1077568    0    0     0     0   18   26  0  0 100  0  0
 0  0      0 2854264  53952 1077568    0    0     0     0   16   23  0  0 100  0  0
 0  0      0 2854264  53960 1077560    0    0     0    16   19   31  0  0 99  1  0
 0  0      0 2854264  53960 1077568    0    0     0     0   18   31  0  0 100  0  0
 0  0      0 2854264  53960 1077568    0    0     0     0   19   28  0  0 100  0  0
 0  0      0 2854264  53960 1077568    0    0     0     0   17   23  0  0 100  0  0
 0  0      0 2854264  53960 1077572    0    0     0     0   26   33  0  0 100  0  0
 0  0      0 2854264  53964 1077568    0    0     0    16   17   31  0  0 99  1  0
 0  0      0 2854264  53964 1077568    0    0     0     0   26   37  0  0 100  0  0
 0  0      0 2854264  53964 1077572    0    0     0     0   15   22  0  0 100  0  0
 0  0      0 2854264  53964 1077572    0    0     0     0   19   25  0  0 100  0  0
 0  0      0 2854296  53964 1077572    0    0     0     0   14   20  0  0 100  0  0
 0  0      0 2854296  53972 1077564    0    0     0    16   29   46  0  0 99  1  0
 0  0      0 2854296  53976 1077572    0    0     0     8   15   22  0  0 100  0  0
procs -----------memory---------- ---swap-- -----io---- -system-- ------cpu-----
 r  b   swpd   free   buff  cache   si   so    bi    bo   in   cs us sy id wa st
 0  0      0 2854296  53976 1077572    0    0     0     0   18   25  0  0 100  0  0
 0  0      0 2854296  53976 1077572    0    0     0     0   14   22  0  0 100  0  0
 0  0      0 2854296  53976 1077572    0    0     0     0   26   40  0  0 100  0  0
 0  0      0 2854296  53980 1077572    0    0     0    36   19   36  0  0 99  1  0
 0  0      0 2854296  53980 1077572    0    0     0    20   20   27  0  0 100  0  0
 0  0      0 2854296  53980 1077572    0    0     0     0   15   22  0  0 100  0  0
 0  0      0 2854296  53980 1077572    0    0     0     0   22   33  0  0 100  0  0
 0  0      0 2854296  53980 1077572    0    0     0     0   15   20  0  0 100  0  0
 0  0      0 2854296  53980 1077572    0    0     0    32   21   37  0  0 98  2  0
 0  0      0 2854296  53980 1077572    0    0     0     0   16   28  0  0 100  0  0
 0  0      0 2854296  53980 1077572    0    0     0     0   28   42  0  0 100  0  0
 0  0      0 2854296  53980 1077572    0    0     0     0   13   18  0  0 100  0  0
 0  0      0 2854296  53980 1077572    0    0     0     0   22   32  0  0 100  0  0
 0  0      0 2854296  53984 1077572    0    0     0    16   16   34  0  0 99  1  0
 0  0      0 2854296  53984 1077572    0    0     0     0   23   36  0  0 100  0  0
 0  0      0 2854296  53984 1077572    0    0     0     0   13   18  0  0 100  0  0
 0  0      0 2854296  53984 1077572    0    0     0     0   19   23  0  0 100  0  0
 0  0      0 2854296  53984 1077572    0    0     0     0   13   20  0  0 100  0  0
 0  0      0 2854296  53992 1077564    0    0     0    16   26   46  0  0 99  1  0
 0  0      0 2854296  53992 1077572    0    0     0     0   16   26  0  0 100  0  0
 0  0      0 2854296  53992 1077572    0    0     0     0   20   27  0  0 100  0  0
procs -----------memory---------- ---swap-- -----io---- -system-- ------cpu-----
 r  b   swpd   free   buff  cache   si   so    bi    bo   in   cs us sy id wa st
 0  0      0 2854296  53992 1077572    0    0     0     0   13   20  0  0 100  0  0
 0  0      0 2854296  53992 1077572    0    0     0     0   25   39  0  0 100  0  0
 0  0      0 2854296  53996 1077572    0    0     0    16   18   35  0  0 99  1  0
 0  0      0 2854296  53996 1077572    0    0     0     0   20   29  0  0 100  0  0
 0  0      0 2854296  53996 1077572    0    0     0     0   13   20  0  0 100  0  0
 0  0      0 2854296  53996 1077572    0    0     0     0   26   36  0  0 100  0  0
 0  0      0 2854296  53996 1077576    0    0     0     0   13   20  0  0 100  0  0
 0  0      0 2854296  54000 1077576    0    0     0    16   25   40  0  0 99  1  0
 0  0      0 2854296  54000 1077576    0    0     0     0   13   22  0  0 100  0  0
 0  0      0 2854296  54000 1077576    0    0     0     0   21   31  0  0 100  0  0
 0  0      0 2854296  54000 1077576    0    0     0     0   13   20  0  0 100  0  0
 0  0      0 2854296  54000 1077576    0    0     0     0   23   35  0  0 100  0  0
 0  0      0 2854296  54008 1077576    0    0     0    16   27   47  0  0 99  1  0
 0  0      0 2854296  54008 1077576    0    0     0     8   26   35  0  0 100  0  0
 0  0      0 2854296  54008 1077576    0    0     0     0   14   22  0  0 100  0  0
 0  0      0 2854296  54008 1077576    0    0     0     0   16   22  0  0 100  0  0
 0  0      0 2854296  54008 1077580    0    0     0     0   17   27  0  0 100  0  0
 0  0      0 2854296  54016 1077572    0    0     0    32   25   46  0  0 99  1  0
 0  0      0 2854328  54016 1077580    0    0     0    16   21   28  0  0 100  0  0
 0  0      0 2854328  54016 1077580    0    0     0     0   19   28  0  0 100  0  0
 0  0      0 2854328  54016 1077580    0    0     0     0   17   25  0  0 100  0  0
procs -----------memory---------- ---swap-- -----io---- -system-- ------cpu-----
 r  b   swpd   free   buff  cache   si   so    bi    bo   in   cs us sy id wa st
 0  1      0 2854328  54024 1077572    0    0     0    32   27   43  0  0 100  0  0
 0  0      0 2854328  54024 1077580    0    0     0     0   22   33  0  0 98  2  0
 0  0      0 2854328  54024 1077580    0    0     0     0   19   26  0  0 100  0  0
 0  0      0 2854328  54024 1077580    0    0     0     0   16   25  0  0 100  0  0
 0  0      0 2854328  54024 1077580    0    0     0     0   18   26  0  0 100  0  0
 0  0      0 2854328  54024 1077580    0    0     0     0   18   25  0  0 100  0  0
 0  0      0 2854328  54028 1077576    0    0     0    16   19   33  0  0 99  1  0
 0  0      0 2854328  54028 1077580    0    0     0     0   19   29  0  0 100  0  0
 0  0      0 2854328  54028 1077580    0    0     0     0   21   30  0  0 100  0  0
 0  0      0 2854328  54028 1077580    0    0     0     0   17   25  0  0 100  0  0
 0  0      0 2854328  54028 1077580    0    0     0     0   19   28  0  0 100  0  0
 0  0      0 2854328  54036 1077580    0    0     0    16   20   41  0  0 99  1  0
 0  0      0 2854328  54036 1077580    0    0     0     0   20   30  0  0 100  0  0
 0  0      0 2854328  54036 1077580    0    0     0     0   17   25  0  0 100  0  0
 0  0      0 2854328  54036 1077580    0    0     0     0   17   22  0  0 100  0  0
 0  0      0 2854328  54036 1077580    0    0     0     0   17   28  0  0 100  0  0
 0  0      0 2854328  54040 1077576    0    0     0    16   23   39  0  0 99  1  0
 0  0      0 2854328  54040 1077580    0    0     0     0   20   27  0  0 100  0  0
 0  0      0 2854328  54040 1077580    0    0     0     0   15   20  0  0 100  0  0
 0  0      0 2854328  54040 1077580    0    0     0     0   15   23  0  0 100  0  0
 0  0      0 2854328  54040 1077580    0    0     0     0   22   34  0  0 100  0  0
procs -----------memory---------- ---swap-- -----io---- -system-- ------cpu-----
 r  b   swpd   free   buff  cache   si   so    bi    bo   in   cs us sy id wa st
 0  0      0 2854328  54044 1077580    0    0     0    16   23   40  0  0 99  1  0
 0  0      0 2854328  54044 1077580    0    0     0     0   17   22  0  0 100  0  0
 0  0      0 2854328  54044 1077580    0    0     0     0   16   25  0  0 100  0  0
 0  0      0 2854328  54044 1077580    0    0     0     0   18   26  0  0 100  0  0
 0  0      0 2854328  54044 1077580    0    0     0     0   16   23  0  0 100  0  0
 0  0      0 2854328  54044 1077580    0    0     0    16   18   31  0  0 99  1  0
 0  0      0 2854328  54044 1077580    0    0     0     4   20   29  0  0 100  0  0
 0  0      0 2854328  54044 1077580    0    0     0     0   19   28  0  0 100  0  0
 0  0      0 2854328  54044 1077584    0    0     0     0   17   25  0  0 100  0  0
 0  0      0 2854328  54044 1077584    0    0     0     0   19   28  0  0 100  0  0
 0  0      0 2854328  54052 1077584    0    0     0    16   25   46  0  0 99  1  0
 0  0      0 2854328  54052 1077584    0    0     0    16   24   30  0  0 100  0  0
 0  0      0 2854328  54052 1077584    0    0     0     0   18   27  0  0 100  0  0
 0  0      0 2854328  54052 1077584    0    0     0     0   15   20  0  0 100  0  0
 0  0      0 2854328  54052 1077584    0    0     0     0   15   25  0  0 100  0  0
 0  0      0 2854328  54056 1077584    0    0     0    16   23   39  0  0 99  1  0
 0  0      0 2854328  54056 1077584    0    0     0     0   20   29  0  0 100  0  0
 0  0      0 2854328  54056 1077584    0    0     0     0   15   20  0  0 100  0  0
 0  0      0 2854360  54056 1077584    0    0     0     0   14   22  0  0 100  0  0
 0  0      0 2854360  54056 1077584    0    0     0     0   25   39  0  0 100  0  0
 0  0      0 2854360  54060 1077588    0    0     0    16   20   37  0  0 99  1  0
procs -----------memory---------- ---swap-- -----io---- -system-- ------cpu-----
 r  b   swpd   free   buff  cache   si   so    bi    bo   in   cs us sy id wa st
 0  0      0 2854360  54060 1077588    0    0     0     0   21   31  0  0 100  0  0
 0  0      0 2854360  54060 1077588    0    0     0     0   13   18  0  0 100  0  0
 0  0      0 2854360  54060 1077588    0    0     0     0   20   29  0  0 100  0  0
 0  0      0 2854360  54060 1077588    0    0     0     0   15   22  0  0 100  0  0
 0  0      0 2854360  54064 1077584    0    0     0    16   23   40  0  0 99  1  0
 0  0      0 2854360  54064 1077588    0    0     0     0   13   25  0  0 100  0  0
 0  0      0 2854360  54064 1077588    0    0     0     0   24   31  0  0 100  0  0
 0  0      0 2854360  54064 1077588    0    0     0     0   13   18  0  0 100  0  0
 0  0      0 2854360  54064 1077588    0    0     0     0   21   31  0  0 100  0  0
 0  0      0 2854360  54072 1077588    0    0     0    16   19   37  0  0 99  1  0
 0  0      0 2854360  54072 1077588    0    0     0     0   23   33  0  0 100  0  0
 0  0      0 2854360  54072 1077588    0    0     0     0   14   20  0  0 100  0  0
 0  0      0 2854360  54072 1077588    0    0     0     0   18   25  0  0 100  0  0
 0  0      0 2854360  54072 1077588    0    0     0     0   12   18  0  0 100  0  0
 0  0      0 2854360  54076 1077584    0    0     0    16   25   44  0  0 99  1  0
 0  0      0 2854360  54076 1077592    0    0     0     0   17   26  0  0 100  0  0
 0  0      0 2854360  54076 1077592    0    0     0     0   20   29  0  0 100  0  0
 0  0      0 2854360  54076 1077592    0    0     0     0   12   16  0  0 100  0  0
 0  0      0 2854360  54076 1077592    0    0     0     0   25   37  0  0 100  0  0
 0  0      0 2854360  54080 1077592    0    0     0    16   18   35  0  0 99  1  0
 0  0      0 2854360  54080 1077592    0    0     0     8   22   29  0  0 100  0  0
procs -----------memory---------- ---swap-- -----io---- -system-- ------cpu-----
 r  b   swpd   free   buff  cache   si   so    bi    bo   in   cs us sy id wa st
 0  0      0 2854360  54080 1077592    0    0     0     0   14   27  0  0 100  0  0
 0  0      0 2854360  54080 1077592    0    0     0     0   25   33  0  0 100  0  0
 0  0      0 2854360  54080 1077592    0    0     0     0   14   20  0  0 100  0  0
 0  0      0 2854360  54088 1077592    0    0     0    32   24   41  0  0 99  1  0
 0  0      0 2854360  54088 1077592    0    0     0    16   17   26  0  0 100  0  0
 0  0      0 2854360  54088 1077592    0    0     0     0   24   35  0  0 100  0  0
 0  0      0 2854360  54088 1077592    0    0     0     0   14   20  0  0 100  0  0
 0  0      0 2854360  54088 1077592    0    0     0     0   23   35  0  0 100  0  0
 0  0      0 2854360  54096 1077592    0    0     0    32   18   38  0  0 99  2  0
 0  0      0 2854360  54096 1077592    0    0     0     0   26   39  0  0 100  0  0
 0  0      0 2854360  54096 1077592    0    0     0     0   14   20  0  0 100  0  0
 0  0      0 2854360  54096 1077592    0    0     0     0   18   25  0  0 100  0  0
 0  0      0 2854360  54096 1077596    0    0     0     0   14   22  0  0 100  0  0
 0  0      0 2854360  54100 1077596    0    0     0    16   27   48  0  0 99  1  0
 0  0      0 2854360  54100 1077596    0    0     0     0   15   22  0  0 100  0  0
 0  0      0 2854360  54100 1077596    0    0     0     0   18   25  0  0 100  0  0
 0  0      0 2854360  54100 1077596    0    0     0     0   14   23  0  0 100  0  0
 0  0      0 2854360  54100 1077596    0    0     0     0   29   39  0  0 100  0  0
 0  0      0 2854392  54104 1077596    0    0     0    16   18   35  0  0 99  1  0
 0  0      0 2854392  54104 1077596    0    0     0     0   19   26  0  0 100  0  0
 0  0      0 2854392  54104 1077596    0    0     0     0   15   25  0  0 100  0  0
procs -----------memory---------- ---swap-- -----io---- -system-- ------cpu-----
 r  b   swpd   free   buff  cache   si   so    bi    bo   in   cs us sy id wa st
 0  0      0 2854392  54104 1077596    0    0     0     0   17   26  0  0 100  0  0
 0  0      0 2854392  54104 1077600    0    0     0     0   19   27  0  0 100  0  0
 0  0      0 2854392  54112 1077592    0    0     0    16   23   35  0  0 99  1  0
 0  0      0 2854392  54112 1077600    0    0     0     0   17   29  0  0 100  0  0
 0  0      0 2854392  54112 1077600    0    0     0     0   21   32  0  0 100  0  0
 0  0      0 2854392  54112 1077600    0    0     0     0   17   25  0  0 100  0  0
 0  0      0 2854392  54112 1077600    0    0     0     0   19   28  0  0 100  0  0
 0  0      0 2854392  54120 1077600    0    0     0    16   21   42  0  0 99  1  0
 0  0      0 2854392  54120 1077600    0    0     0     0   20   30  0  0 100  0  0
 0  0      0 2854392  54120 1077600    0    0     0     0   17   25  0  0 100  0  0
 0  0      0 2854392  54120 1077600    0    0     0     0   17   22  0  0 100  0  0
 0  0      0 2854392  54120 1077600    0    0     0     0   16   28  0  0 100  0  0
 0  0      0 2854392  54124 1077596    0    0     0    16   23   39  0  0 99  1  0
 0  0      0 2854392  54124 1077600    0    0     0     8   20   27  0  0 100  0  0
 0  0      0 2854392  54124 1077600    0    0     0     0   16   20  0  0 100  0  0
 0  0      0 2854392  54124 1077600    0    0     0     0   15   25  0  0 100  0  0
 0  0      0 2854392  54124 1077600    0    0     0     0   23   36  0  0 100  0  0
 0  0      0 2854392  54124 1077600    0    0     0    32   23   41  0  0 99  1  0
 0  0      0 2854392  54124 1077600    0    0     0    16   19   22  0  0 100  0  0
 0  0      0 2854392  54124 1077600    0    0     0     0   17   27  0  0 100  0  0
 0  0      0 2854392  54124 1077600    0    0     0     0   19   28  0  0 100  0  0
procs -----------memory---------- ---swap-- -----io---- -system-- ------cpu-----
 r  b   swpd   free   buff  cache   si   so    bi    bo   in   cs us sy id wa st
 0  1      0 2854392  54124 1077600    0    0     0    32   17   31  0  0 100  0  0
 0  0      0 2854392  54124 1077600    0    0     0     0   18   26  0  0 99  2  0
 0  0      0 2854392  54124 1077600    0    0     0     0   19   33  0  0 100  0  0
 0  0      0 2854392  54124 1077600    0    0     0     0   21   30  0  0 100  0  0
 0  0      0 2854392  54124 1077600    0    0     0     0   16   23  0  0 100  0  0
 0  0      0 2854392  54124 1077600    0    0     0     0   18   26  0  0 100  0  0
 0  0      0 2854392  54132 1077600    0    0     0    16   30   54  0  0 99  1  0
 0  0      0 2854392  54132 1077600    0    0     0     0   22   30  0  0 100  0  0
 0  0      0 2854392  54132 1077600    0    0     0     0   19   25  0  0 100  0  0
 0  0      0 2854392  54132 1077600    0    0     0     0   14   18  0  0 100  0  0
 0  0      0 2854392  54132 1077600    0    0     0     0   16   25  0  0 100  0  0
 0  0      0 2854392  54136 1077600    0    0     0    16   24   44  0  0 99  1  0
 0  0      0 2854392  54136 1077600    0    0     0     0   19   23  0  0 100  0  0
 0  0      0 2854168  54136 1077600    0    0     0     0   17   22  0  0 100  0  0
 0  0      0 2854168  54136 1077604    0    0     0     0   19   27  0  0 100  0  0
 0  0      0 2854168  54136 1077604    0    0     0     0   22   34  0  0 100  0  0
 0  0      0 2854168  54136 1077604    0    0     0    16   22   38  0  0 99  1  0
 0  0      0 2854168  54136 1077604    0    0     0     0   16   22  0  0 100  0  0
 0  0      0 2854200  54136 1077604    0    0     0     0   15   23  0  0 100  0  0
 0  0      0 2854200  54136 1077604    0    0     0     0   18   26  0  0 100  0  0
 0  0      0 2854200  54136 1077604    0    0     0     0   15   22  0  0 100  0  0
procs -----------memory---------- ---swap-- -----io---- -system-- ------cpu-----
 r  b   swpd   free   buff  cache   si   so    bi    bo   in   cs us sy id wa st
 0  0      0 2854200  54136 1077604    0    0     0    16   23   40  0  0 99  1  0
 0  0      0 2854200  54136 1077604    0    0     0     0   15   21  0  0 100  0  0
 0  0      0 2854300  54136 1077604    0    0     0     0   22   29  0  0 100  0  0
 0  0      0 2854324  54136 1077604    0    0     0     0   15   22  0  0 100  0  0
 0  0      0 2854324  54136 1077604    0    0     0     0   23   35  0  0 100  0  0
 0  0      0 2854324  54144 1077608    0    0     0    16   18   37  0  0 99  1  0
 0  0      0 2854324  54144 1077608    0    0     0     8   27   35  0  0 100  0  0
 0  0      0 2854324  54144 1077608    0    0     0     0   14   22  0  0 100  0  0
 0  0      0 2854324  54144 1077608    0    0     0     0   19   27  0  0 100  0  0
 0  0      0 2854324  54144 1077608    0    0     0     0   11   16  0  0 100  0  0
 0  0      0 2854324  54152 1077600    0    0     0    32   26   45  0  0 99  1  0
 0  0      0 2854324  54152 1077608    0    0     0    20   19   28  0  0 100  0  0
 0  0      0 2854324  54152 1077608    0    0     0     0   20   29  0  0 100  0  0
 0  0      0 2854324  54152 1077608    0    0     0     0   93   34  0  0 100  0  0
 0  0      0 2854324  54152 1077608    0    0     0     0   24   37  0  0 100  0  0
 0  0      0 2854324  54152 1077608    0    0     0    36   19   38  0  0 99  2  0
 0  0      0 2854324  54152 1077608    0    0     0    24   25   35  0  0 100  0  0
 0  0      0 2854324  54152 1077608    0    0     0     0   14   24  0  0 100  0  0
 0  0      0 2854324  54152 1077608    0    0     0     0   29   39  0  0 100  0  0
 0  0      0 2854324  54152 1077608    0    0     0     0   14   16  0  0 100  0  0
 0  0      0 2854324  54156 1077604    0    0     0    16   23   36  0  0 99  1  0
procs -----------memory---------- ---swap-- -----io---- -system-- ------cpu-----
 r  b   swpd   free   buff  cache   si   so    bi    bo   in   cs us sy id wa st
 0  0      0 2854324  54156 1077608    0    0     0     8   14   22  0  0 100  0  0
 0  0      0 2854324  54156 1077608    0    0     0     0   22   33  0  0 100  0  0
 0  0      0 2854324  54156 1077608    0    0     0     0   16   24  0  0 100  0  0
 0  0      0 2854324  54156 1077608    0    0     0     0   23   35  0  0 100  0  0
 0  0      0 2854324  54160 1077608    0    0     0    16   18   37  0  0 99  1  0
 0  0      0 2854324  54160 1077608    0    0     0     0   23   35  0  0 100  0  0
 0  0      0 2854324  54160 1077608    0    0     0     8   15   18  0  0 100  0  0
 0  0      0 2854324  54160 1077608    0    0     0     0   17   23  0  0 100  0  0
 0  0      0 2854324  54160 1077608    0    0     0     0   15   24  0  0 100  0  0
 0  0      0 2854324  54168 1077608    0    0     0    16   28   50  0  0 99  1  0
 0  0      0 2854324  54168 1077608    0    0     0     0   14   23  0  0 100  0  0
 0  0      0 2854324  54168 1077608    0    0     0     8   25   29  0  0 100  0  0
 0  0      0 2854356  54168 1077608    0    0     0     0   13   22  0  0 100  0  0
 0  0      0 2854356  54168 1077608    0    0     0     0   85  145  0  0 100  0  0
 0  0      0 2853548  54180 1078000    0    0   388    16  180  211  1  0 97  2  0
 0  0      0 2853556  54180 1078000    0    0     0     0   29   39  0  0 100  0  0
 0  0      0 2853556  54180 1078000    0    0     0     0   73  100  0  0 100  0  0
 0  0      0 2853620  54180 1078004    0    0     0    16  110  157  0  0 100  0  0
 0  0      0 2853652  54180 1078004    0    0     0     0   45   62  0  0 100  0  0
 0  0      0 2853528  54188 1078008    0    0     0   104   26   43  0  0 98  2  0
 0  0      0 2853528  54188 1078008    0    0     0     0   13   20  0  0 100  0  0
procs -----------memory---------- ---swap-- -----io---- -system-- ------cpu-----
 r  b   swpd   free   buff  cache   si   so    bi    bo   in   cs us sy id wa st
 0  0      0 2853528  54188 1078008    0    0     0     0   59   85  0  0 100  0  0
 0  0      0 2853528  54188 1078008    0    0     0    92   22   27  0  0 100  0  0
 0  0      0 2853528  54188 1078008    0    0     0     0   18   26  0  0 100  0  0
 0  0      0 2853528  54196 1078008    0    0     0    16   38   63  0  0 97  3  0
 0  0      0 2853560  54196 1078008    0    0     0     0   24   39  0  0 100  0  0
 0  0      0 2853560  54196 1078008    0    0     0     0   21   26  0  0 100  0  0
 0  0      0 2853560  54196 1078008    0    0     0    12   22   27  0  0 100  0  0
 0  0      0 2853560  54196 1078008    0    0     0     0   30   37  0  0 100  0  0
 0  0      0 2853560  54204 1078012    0    0     0    44   32   53  0  0 99  1  0
 0  0      0 2853560  54204 1078012    0    0     0     0   28   41  0  0 100  0  0
 0  0      0 2854700  54204 1078008    0    0     0     4   44   62  0  0 100  0  0
 0  0      0 2854700  54204 1078008    0    0     0     0   18   23  0  0 100  0  0
 0  0      0 2854700  54204 1078008    0    0     0    12   27   39  0  0 100  0  0
 0  0      0 2854700  54208 1078008    0    0     0    64   25   43  0  0 99  2  0
 0  0      0 2854732  54208 1078008    0    0     0     0   16   23  0  0 100  0  0
 0  0      0 2854732  54208 1078008    0    0     0     0   17   23  0  0 100  0  0
 0  0      0 2854540  54208 1078008    0    0     0     0   19   25  0  0 100  0  0
 0  0      0 2854540  54208 1078008    0    0     0    52   21   25  0  0 100  0  0
 0  0      0 2854316  54212 1077964    0    0     0    20  609 2203  0  1 97  2  0
 0  0      0 2854324  54212 1077964    0    0     0     0   20   25  0  0 100  0  0
 0  0      0 2854324  54212 1077964    0    0     0     0   17   25  0  0 100  0  0
procs -----------memory---------- ---swap-- -----io---- -system-- ------cpu-----
 r  b   swpd   free   buff  cache   si   so    bi    bo   in   cs us sy id wa st
 0  0      0 2854324  54212 1077964    0    0     0     0   17   24  0  0 100  0  0
 0  1      0 2854324  54220 1077956    0    0     0    56   24   37  0  0 100  0  0
 0  0      0 2854324  54220 1077964    0    0     0     0   25   32  0  0 98  1  0
 0  0      0 2854324  54220 1077964    0    0     0     0   21   30  0  0 100  0  0
 0  0      0 2854324  54220 1077964    0    0     0     0   17   22  0  0 100  0  0
 0  0      0 2854324  54220 1077964    0    0     0     0   15   19  0  0 100  0  0
 0  0      0 2854324  54220 1077964    0    0     0     0   17   23  0  0 100  0  0
 0  0      0 2854324  54224 1077964    0    0     0    56   29   46  0  0 98  2  0
 0  0      0 2854324  54224 1077964    0    0     0     0   19   25  0  0 100  0  0
 0  0      0 2854324  54224 1077964    0    0     0     0   30   59  0  0 100  0  0
 0  0      0 2853704  54224 1077968    0    0     0     0   80  134  1  0 99  0  0
 0  0      0 2854452  54224 1077968    0    0     0     0   46   64  0  0 100  0  0
 0  0      0 2854512  54232 1077964    0    0     0    76   38   64  0  0 99  1  0
 0  0      0 2854512  54232 1077964    0    0     0     0   17   23  0  0 100  0  0
 0  0      0 2854512  54232 1077964    0    0     0     0   23   37  0  0 100  0  0
 0  0      0 2854512  54232 1077964    0    0     0     0   65   95  0  0 100  0  0
 0  0      0 2854544  54232 1077964    0    0     0     0   33   50  0  0 100  0  0
 0  0      0 2854520  54240 1077964    0    0     0    32   52   77  0  0 98  2  0
 0  0      0 2854668  54240 1077884    0    0     0     0   47   65  0  0 100  0  0
 0  0      0 2854808  54240 1077884    0    0     0     0   70   99  0  0 100  0  0
 0  0      0 2854824  54240 1077888    0    0     0     0   20   27  0  0 100  0  0
procs -----------memory---------- ---swap-- -----io---- -system-- ------cpu-----
 r  b   swpd   free   buff  cache   si   so    bi    bo   in   cs us sy id wa st
 0  1      0 2855004  54248 1077880    0    0     0    40  106  159  1  0 100  0  0
 0  0      0 2854980  54248 1077892    0    0     0    32   33   53  0  0 99  1  0
 0  0      0 2854788  54248 1077892    0    0     0     0   36   70  0  0 100  0  0
 0  0      0 2854820  54248 1077892    0    0     0     0   25   42  0  0 100  0  0
 0  0      0 2854820  54248 1077892    0    0     0     0   25   40  0  0 100  0  0
 0  0      0 2854820  54248 1077892    0    0     0     0   63   91  0  0 100  0  0
 0  0      0 2854728  54256 1077900    0    0     0    48   65  105  0  0 99  1  0
 0  0      0 2854704  54256 1077908    0    0     0     0   44   58  0  0 100  0  0
 0  0      0 2854580  54256 1077916    0    0     0     0   42   56  0  0 100  0  0
 0  0      0 2854636  54256 1077928    0    0     0     0   16   23  0  0 100  0  0
 0  0      0 2854636  54256 1077928    0    0     0     0   35   59  0  0 100  0  0
 0  0      0 2854636  54260 1077928    0    0     0    40   62   90  0  0 98  2  0
 0  0      0 2854760  54260 1077936    0    0     0    32   53  100  0  0 100  0  0
 0  0      0 2854792  54260 1077936    0    0     0     0   19   30  0  0 100  0  0
 0  0      0 2854824  54260 1077936    0    0     0     0   48   97  0  0 100  0  0
 0  0      0 2854856  54260 1077936    0    0     0     0   51  114  0  0 100  0  0
 0  0      0 2854664  54260 1077936    0    0     0    32   52  115  0  0 98  2  0
 0  0      0 2854664  54260 1077936    0    0     0    20   25   30  0  0 100  0  0
 0  0      0 2854664  54260 1077936    0    0     0     0   23   34  0  0 100  0  0
 0  0      0 2854664  54260 1077936    0    0     0     0   17   22  0  0 100  0  0
 0  0      0 2854664  54260 1077936    0    0     0     0   22   32  0  0 100  0  0
procs -----------memory---------- ---swap-- -----io---- -system-- ------cpu-----
 r  b   swpd   free   buff  cache   si   so    bi    bo   in   cs us sy id wa st
 0  0      0 2854664  54264 1077936    0    0     0    16   29   47  0  0 99  2  0
 0  0      0 2854664  54264 1077936    0    0     0     0   23   32  0  0 100  0  0
 0  0      0 2854664  54264 1077936    0    0     0     8   18   21  0  0 100  0  0
 0  0      0 2854696  54264 1077936    0    0     0     0   21   27  0  0 100  0  0
 0  0      0 2854696  54264 1077936    0    0     0     0   14   24  0  0 100  0  0
 0  0      0 2854696  54264 1077936    0    0     0    16   30   48  0  0 99  1  0
 0  0      0 2854572  54264 1077936    0    0     0     0   20   20  0  0 100  0  0
 0  0      0 2854572  54264 1077936    0    0     0     8   43   61  0  0 100  0  0
 0  0      0 2854448  54264 1077960    0    0     0     0   93  111  1  0 100  0  0
 0  0      0 2854464  54264 1077960    0    0     0     0   29   43  0  0 100  0  0
 0  0      0 2854464  54272 1077960    0    0     0    40   19   34  0  0 99  1  0
 0  0      0 2854464  54272 1077960    0    0     0     0   48   97  0  0 100  0  0
 1  0      0 2844892  54300 1080580    0    0  2708     0  832  732  3  3 90  5  0
 0  0      0 2849876  54300 1082552    0    0  1892    32  373  264  3  2 93  2  0
 0  0      0 2849908  54300 1082552    0    0     0     0   16   23  0  0 100  0  0
 0  0      0 2849940  54308 1082552    0    0     0    68   26   41  0  0 98  2  0
 0  0      0 2849940  54308 1082552    0    0     0     0   13   19  0  0 100  0  0
 0  0      0 2849940  54308 1082552    0    0     0     0   26   33  0  0 100  0  0
 0  0      0 2849940  54308 1082552    0    0     0    60   17   19  0  0 100  0  0
 0  0      0 2849940  54308 1082552    0    0     0     0   27   41  0  0 100  0  0
 0  0      0 2849940  54316 1082552    0    0     0    16   19   34  0  0 98  2  0
procs -----------memory---------- ---swap-- -----io---- -system-- ------cpu-----
 r  b   swpd   free   buff  cache   si   so    bi    bo   in   cs us sy id wa st
 0  0      0 2849940  54316 1082552    0    0     0     0   23   31  0  0 100  0  0
 0  0      0 2849940  54316 1082556    0    0     0     0   14   19  0  0 100  0  0
 0  0      0 2849940  54316 1082556    0    0     0     0   20   29  0  0 100  0  0
 0  0      0 2849940  54316 1082556    0    0     0     0   26   52  0  0 100  0  0
 0  0      0 2849940  54324 1082556    0    0     0    16   38   76  0  0 99  1  0
 0  0      0 2849824  54324 1082556    0    0     0     0   55   81  0  0 99  0  0
 0  0      0 2849848  54324 1082564    0    0     0     0   21   33  0  0 100  0  0
 0  0      0 2849848  54324 1082564    0    0     0     0   26   48  0  0 100  0  0
 0  0      0 2849880  54324 1082564    0    0     0     0   42   73  0  0 100  0  0
 0  0      0 2849980  54332 1082564    0    0     0    40   60   94  0  0 99  1  0
 0  0      0 2850004  54332 1082572    0    0     0     0   16   22  0  0 100  0  0
 0  0      0 2850004  54332 1082572    0    0     0     0   16   22  0  0 100  0  0
 0  0      0 2849908  54332 1082576    0    0     0     0   39   71  0  0 100  0  0
 0  0      0 2849844  54332 1082576    0    0     0    16   30   48  0  0 100  0  0
 0  0      0 2849696  54336 1082576    0    0     0    60   69  105  0  0 98  1  0
 0  0      0 2849704  54336 1082592    0    0     0     0   56   91  0  0 100  0  0
 0  0      0 2849852  54336 1082560    0    0     0     0   44   66  0  0 100  0  0
 0  0      0 2849908  54336 1082560    0    0     0     0   24   36  0  0 100  0  0
 0  0      0 2849836  54336 1082560    0    0     0    24   69   91  0  0 100  0  0
 0  0      0 2849908  54344 1082560    0    0     0    40   23   39  0  0 99  2  0
 0  0      0 2849908  54344 1082560    0    0     0     0   21   30  0  0 100  0  0
procs -----------memory---------- ---swap-- -----io---- -system-- ------cpu-----
 r  b   swpd   free   buff  cache   si   so    bi    bo   in   cs us sy id wa st
 0  0      0 2849908  54344 1082560    0    0     0     0   19   24  0  0 100  0  0
 0  0      0 2849908  54344 1082560    0    0     0     0   15   20  0  0 100  0  0
 0  0      0 2849908  54344 1082560    0    0     0     0   16   22  0  0 100  0  0
 0  0      0 2849908  54348 1082560    0    0     0    16   25   44  0  0 99  1  0
 0  0      0 2849908  54348 1082560    0    0     0     0   19   25  0  0 100  0  0
 0  0      0 2849908  54348 1082560    0    0     0     0   32   61  0  0 100  0  0
 0  0      0 2849792  54348 1082560    0    0     0     0   54   93  0  0 99  0  0
 0  0      0 2849816  54348 1082560    0    0     0     0   66  102  0  0 100  0  0
 0  0      0 2849848  54356 1082560    0    0     0    44   33   51  0  0 98  2  0
 0  0      0 2849832  54356 1082560    0    0     0     0   50   74  0  0 100  0  0
 0  0      0 2849832  54356 1082560    0    0     0     0   21   24  0  0 100  0  0
 0  0      0 2849832  54356 1082560    0    0     0     0   18   24  0  0 100  0  0
 0  0      0 2849832  54356 1082560    0    0     0     0   18   28  0  0 100  0  0
 0  0      0 2849832  54360 1082560    0    0     0    16   22   35  0  0 99  1  0
 0  0      0 2849832  54360 1082560    0    0     0     0   16   24  0  0 100  0  0
 0  0      0 2849832  54360 1082560    0    0     0     0   17   24  0  0 100  0  0
 0  0      0 2849832  54360 1082560    0    0     0     0   17   26  0  0 100  0  0
 0  0      0 2849832  54360 1082560    0    0     0     0   20   28  0  0 100  0  0
 0  0      0 2849312  54364 1082556    0    0     0    16   77   99  1  0 98  1  0
 0  0      0 2849344  54364 1082496    0    0     0     0   20   31  0  0 100  0  0
 0  0      0 2849344  54364 1082496    0    0     0     0   19   27  0  0 100  0  0
procs -----------memory---------- ---swap-- -----io---- -system-- ------cpu-----
 r  b   swpd   free   buff  cache   si   so    bi    bo   in   cs us sy id wa st
 0  0      0 2849220  54364 1082496    0    0     0     0   14   19  0  0 100  0  0
 0  0      0 2849220  54364 1082496    0    0     0     0   17   26  0  0 100  0  0
 0  0      0 2849220  54372 1082496    0    0     0    40   31   44  0  0 99  1  0
 0  0      0 2849220  54372 1082500    0    0     0     0   22   27  0  0 100  0  0
 0  0      0 2849220  54372 1082500    0    0     0     0   27   40  0  0 100  0  0
 0  0      0 2849092  54372 1082500    0    0     0     0   43   68  0  0 100  0  0
 0  0      0 2849060  54372 1082500    0    0     0     0   34   52  0  0 100  0  0
 0  0      0 2849060  54380 1082500    0    0     0    36   28   35  0  0 99  2  0
 0  0      0 2849060  54380 1082500    0    0     0     0   21   28  0  0 100  0  0
 0  0      0 2849060  54380 1082500    0    0     0     0   28   47  0  0 100  0  0
 0  0      0 2849092  54380 1082500    0    0     0     0   34   63  0  0 100  0  0
 0  0      0 2849092  54380 1082500    0    0     0     0   36   66  0  0 100  0  0
 0  0      0 2849124  54384 1082500    0    0     0    64   36   51  0  0 98  2  0
 0  0      0 2849124  54384 1082500    0    0     0     0   14   20  0  0 100  0  0
 0  0      0 2849124  54384 1082500    0    0     0     0   27   40  0  0 100  0  0
 0  0      0 2849124  54384 1082504    0    0     0     0   29   46  0  0 100  0  0
 0  0      0 2849124  54384 1082504    0    0     0     0   23   34  0  0 100  0  0
 0  0      0 2849124  54388 1082504    0    0     0    16   27   44  0  0 99  1  0
 0  0      0 2849124  54388 1082504    0    0     0     0   23   32  0  0 100  0  0
 0  0      0 2849124  54388 1082504    0    0     0     0   28   40  0  0 100  0  0
 0  0      0 2849124  54388 1082504    0    0     0     0   23   33  0  0 100  0  0
procs -----------memory---------- ---swap-- -----io---- -system-- ------cpu-----
 r  b   swpd   free   buff  cache   si   so    bi    bo   in   cs us sy id wa st
 0  0      0 2849124  54388 1082504    0    0     0     0   14   20  0  0 100  0  0
 0  0      0 2849032  54392 1082508    0    0     0    40   31   47  0  0 99  1  0
 0  0      0 2849032  54392 1082508    0    0     0     0   19   26  0  0 100  0  0
 0  0      0 2849032  54392 1082508    0    0     0     0   24   32  0  0 100  0  0
 0  0      0 2849032  54392 1082508    0    0     0     0   13   18  0  0 100  0  0
 0  0      0 2849032  54392 1082508    0    0     0     0   29   45  0  0 100  0  0
 0  0      0 2849676  54392 1082504    0    0     0    40   36   64  0  0 99  1  0
 0  0      0 2848676  54392 1082504    0    0     0     0   67   82  1  0 99  0  0
 0  0      0 2848568  54392 1082508    0    0     0     0   42   67  0  0 100  0  0
 0  0      0 2848600  54392 1082508    0    0     0     0   83  139  0  0 100  0  0
 0  0      0 2848348  54392 1082508    0    0     0     0   34   74  0  0 100  0  0
 0  0      0 2848316  54400 1082508    0    0     0    36   43   77  0  0 99  1  0
 0  0      0 2848316  54400 1082508    0    0     0     0   13   19  0  0 100  0  0
 0  0      0 2848316  54400 1082508    0    0     0     0   31   51  0  0 100  0  0
 0  0      0 2848348  54400 1082508    0    0     0     0   30   58  0  0 100  0  0
 0  0      0 2848348  54400 1082508    0    0     0     0   37   51  0  0 100  0  0
 0  0      0 2848348  54404 1082508    0    0     0    16   29   44  0  0 99  1  0
 0  0      0 2848348  54404 1082508    0    0     0     0   23   31  0  0 100  0  0
 0  0      0 2848348  54404 1082508    0    0     0     0   13   17  0  0 100  0  0
 0  0      0 2848380  54404 1082508    0    0     0     0   20   27  0  0 100  0  0
 0  0      0 2848380  54404 1082508    0    0     0     0   12   17  0  0 100  0  0
procs -----------memory---------- ---swap-- -----io---- -system-- ------cpu-----
 r  b   swpd   free   buff  cache   si   so    bi    bo   in   cs us sy id wa st
 0  0      0 2848380  54408 1082508    0    0     0    20   34   48  0  0 99  1  0
 0  0      0 2848380  54408 1082508    0    0     0     0   23   35  0  0 100  0  0
 0  0      0 2848380  54408 1082508    0    0     0     0   32   43  0  0 100  0  0
 0  0      0 2848380  54408 1082508    0    0     0     0   17   26  0  0 100  0  0
 0  0      0 2848380  54408 1082508    0    0     0     0   36   51  0  0 100  0  0
 0  0      0 2849688  54412 1082508    0    0     0    60   54   94  0  0 99  1  0
 0  0      0 2849800  54412 1082508    0    0     0     0   23   27  0  0 100  0  0
 0  0      0 2849800  54412 1082508    0    0     0     0   13   19  0  0 100  0  0
 0  0      0 2849800  54412 1082508    0    0     0     0   19   26  0  0 100  0  0
 0  0      0 2849800  54412 1082508    0    0     0     0   17   22  0  0 100  0  0
 0  0      0 2849800  54420 1082508    0    0     0    72   29   39  0  0 99  2  0
 0  0      0 2849800  54420 1082508    0    0     0     0   28   52  0  0 100  0  0
 0  0      0 2849800  54420 1082508    0    0     0     0   39   64  0  0 100  0  0
 0  0      0 2849832  54420 1082508    0    0     0     0   21   31  0  0 100  0  0
 0  0      0 2849832  54420 1082508    0    0     0     0   23   30  0  0 100  0  0
 0  0      0 2849832  54424 1082508    0    0     0    64   40   51  0  0 97  2  0
 0  0      0 2849832  54424 1082508    0    0     0     0   32   53  0  0 100  0  0
 0  0      0 2849708  54424 1082508    0    0     0     0   43   61  1  0 100  0  0
 0  0      0 2849832  54424 1082512    0    0     0     0   49   82  0  0 100  0  0
 0  0      0 2849988  54424 1082512    0    0     0     0   21   34  0  0 100  0  0
 0  0      0 2849988  54432 1082512    0    0     0    80   51   85  0  0 99  1  0
procs -----------memory---------- ---swap-- -----io---- -system-- ------cpu-----
 r  b   swpd   free   buff  cache   si   so    bi    bo   in   cs us sy id wa st
 0  0      0 2849988  54432 1082512    0    0     0     0   33   50  0  0 100  0  0
 0  0      0 2849860  54432 1082512    0    0     0     0   33   58  0  0 100  0  0
 0  0      0 2849828  54432 1082512    0    0     0     0   75  115  0  0 100  0  0
 0  0      0 2849612  54432 1082512    0    0     0     0   42   72  0  0 100  0  0
 1  0      0 2841040  54440 1082512    0    0     0    56  181  176  3  4 91  3  0
 0  0      0 2849612  54440 1082516    0    0     0    44   96  123  0  0 100  0  0
 0  0      0 2849676  54440 1082524    0    0     0     0   34   61  0  0 100  0  0
 0  0      0 2849528  54440 1082524    0    0     0     0   41   55  0  0 100  0  0
 0  0      0 2849676  54440 1082532    0    0     0     0   27   48  0  0 100  0  0
 0  0      0 2849676  54448 1082532    0    0     0    40   52  109  0  0 98  2  0
 0  0      0 2849740  54448 1082532    0    0     0     0   35   67  0  0 100  0  0
 0  0      0 2849856  54448 1082540    0    0     0     0   46   74  0  0 100  0  0
 0  0      0 2849856  54448 1082548    0    0     0     0   53   71  0  0 100  0  0
 0  0      0 2849864  54448 1082548    0    0     0     0   25   32  0  0 100  0  0
 0  0      0 2849864  54452 1082548    0    0     0    40   30   44  0  0 99  1  0
 0  0      0 2849864  54452 1082548    0    0     0     0   20   29  0  0 100  0  0
 0  0      0 2849864  54452 1082548    0    0     0     0   18   23  0  0 100  0  0
